{
 "cells": [
  {
   "cell_type": "markdown",
   "id": "14b5451c",
   "metadata": {},
   "source": [
    "# Brute Force and Dynamic Programming approach to solve TSP for Drones"
   ]
  },
  {
   "cell_type": "markdown",
   "id": "d739a08f",
   "metadata": {},
   "source": [
    "By Gowtham Chandrasekaran"
   ]
  },
  {
   "cell_type": "markdown",
   "id": "d6b846fe",
   "metadata": {},
   "source": [
    "# Import libraries"
   ]
  },
  {
   "cell_type": "code",
   "execution_count": 1,
   "id": "4073e0f1",
   "metadata": {},
   "outputs": [],
   "source": [
    "# For handling dataframes\n",
    "import pandas as pd\n",
    "# For Keeping track of runtime\n",
    "import time\n",
    "# Importing infinity equivalent\n",
    "from sys import maxsize\n",
    "# For generating permutations of routes\n",
    "from itertools import permutations\n",
    "# For plotting\n",
    "import matplotlib.pyplot as plt"
   ]
  },
  {
   "cell_type": "markdown",
   "id": "2371dfe8",
   "metadata": {},
   "source": [
    "# Update the csv data location at the time of running"
   ]
  },
  {
   "cell_type": "markdown",
   "id": "c2e42d5d",
   "metadata": {},
   "source": [
    "# Import Data"
   ]
  },
  {
   "cell_type": "code",
   "execution_count": 2,
   "id": "97b796d0",
   "metadata": {},
   "outputs": [],
   "source": [
    "# df is the dataframe that has the location data\n",
    "df = pd.read_csv(\"/Users/gowthamc/Desktop/SJSU/Fall 2022/CS255/project/dataset/25_parks_around_sjsu_lat_long.csv\")"
   ]
  },
  {
   "cell_type": "code",
   "execution_count": 3,
   "id": "92065232",
   "metadata": {},
   "outputs": [
    {
     "data": {
      "text/html": [
       "<div>\n",
       "<style scoped>\n",
       "    .dataframe tbody tr th:only-of-type {\n",
       "        vertical-align: middle;\n",
       "    }\n",
       "\n",
       "    .dataframe tbody tr th {\n",
       "        vertical-align: top;\n",
       "    }\n",
       "\n",
       "    .dataframe thead th {\n",
       "        text-align: right;\n",
       "    }\n",
       "</style>\n",
       "<table border=\"1\" class=\"dataframe\">\n",
       "  <thead>\n",
       "    <tr style=\"text-align: right;\">\n",
       "      <th></th>\n",
       "      <th>Unnamed: 0</th>\n",
       "      <th>Address</th>\n",
       "      <th>latitude</th>\n",
       "      <th>longitude</th>\n",
       "    </tr>\n",
       "  </thead>\n",
       "  <tbody>\n",
       "    <tr>\n",
       "      <th>0</th>\n",
       "      <td>0</td>\n",
       "      <td>1 Washington Sq, San Jose, CA 95192</td>\n",
       "      <td>37.340000</td>\n",
       "      <td>-121.880000</td>\n",
       "    </tr>\n",
       "    <tr>\n",
       "      <th>1</th>\n",
       "      <td>1</td>\n",
       "      <td>N 2nd St &amp;, E St James St, San Jose, CA 95112</td>\n",
       "      <td>37.339628</td>\n",
       "      <td>-121.891679</td>\n",
       "    </tr>\n",
       "    <tr>\n",
       "      <th>2</th>\n",
       "      <td>2</td>\n",
       "      <td>E William St &amp; S 16th St, San Jose, CA 95112</td>\n",
       "      <td>37.335841</td>\n",
       "      <td>-121.869643</td>\n",
       "    </tr>\n",
       "    <tr>\n",
       "      <th>3</th>\n",
       "      <td>3</td>\n",
       "      <td>310 W San Fernando St #286, San Jose, CA 95113</td>\n",
       "      <td>37.331541</td>\n",
       "      <td>-121.894753</td>\n",
       "    </tr>\n",
       "    <tr>\n",
       "      <th>4</th>\n",
       "      <td>4</td>\n",
       "      <td>W St James St, San Jose, CA 95110</td>\n",
       "      <td>37.338199</td>\n",
       "      <td>-121.894729</td>\n",
       "    </tr>\n",
       "  </tbody>\n",
       "</table>\n",
       "</div>"
      ],
      "text/plain": [
       "   Unnamed: 0                                         Address   latitude  \\\n",
       "0           0             1 Washington Sq, San Jose, CA 95192  37.340000   \n",
       "1           1   N 2nd St &, E St James St, San Jose, CA 95112  37.339628   \n",
       "2           2    E William St & S 16th St, San Jose, CA 95112  37.335841   \n",
       "3           3  310 W San Fernando St #286, San Jose, CA 95113  37.331541   \n",
       "4           4               W St James St, San Jose, CA 95110  37.338199   \n",
       "\n",
       "    longitude  \n",
       "0 -121.880000  \n",
       "1 -121.891679  \n",
       "2 -121.869643  \n",
       "3 -121.894753  \n",
       "4 -121.894729  "
      ]
     },
     "execution_count": 3,
     "metadata": {},
     "output_type": "execute_result"
    }
   ],
   "source": [
    "# Seeing the head of the dataframe\n",
    "df.head()"
   ]
  },
  {
   "cell_type": "markdown",
   "id": "54236f1f",
   "metadata": {},
   "source": [
    "# Haversine Formula to calculate distance between two locations"
   ]
  },
  {
   "cell_type": "code",
   "execution_count": 4,
   "id": "87a2ab81",
   "metadata": {},
   "outputs": [],
   "source": [
    "# Import mathematical functions\n",
    "from math import radians, cos, sin, asin, sqrt\n",
    "# Returns the distance between two locations having lat and long\n",
    "def haversine(lat1, lon1, lat2, lon2):\n",
    "    \"\"\"\n",
    "    Fucntion Description:\n",
    "    Calculate the great circle distance between two points \n",
    "    on the earth (specified in decimal degrees)\n",
    "\n",
    "    Variables:\n",
    "    long1 - longitude of the first location\n",
    "    long2 - longitude of the second location\n",
    "    lat1 - latitude of the first location\n",
    "    lat2 - latitude of the second location\n",
    "    dlong - difference between longitudes\n",
    "    dlat - difference between latitudes\n",
    "    km - holds the final distance in kms\n",
    "    a - holds the intermediate result of the distance\n",
    "    c - holds the intermediate result of the distance\n",
    "    \"\"\"\n",
    "    # convert decimal degrees to radians \n",
    "    lon1, lat1, lon2, lat2 = map(radians, [lon1, lat1, lon2, lat2])\n",
    "    # haversine formula \n",
    "    dlon = lon2 - lon1 \n",
    "    dlat = lat2 - lat1 \n",
    "    a = sin(dlat/2)**2 + cos(lat1) * cos(lat2) * sin(dlon/2)**2\n",
    "    c = 2 * asin(sqrt(a)) \n",
    "    # Radius of earth in kilometers is 6371\n",
    "    km = 6371* c\n",
    "    return km"
   ]
  },
  {
   "cell_type": "markdown",
   "id": "9cd8227c",
   "metadata": {},
   "source": [
    "# Computing the adjacency matrix"
   ]
  },
  {
   "cell_type": "code",
   "execution_count": 5,
   "id": "b7953729",
   "metadata": {},
   "outputs": [],
   "source": [
    "# Graph holds the adjacency matrix\n",
    "graph = [[0 for i in range(25)] for j in range(25)]\n",
    "\n",
    "for i, row in df.iterrows():\n",
    "    for j, row in df.iterrows():\n",
    "        # Distance betweeen itself is 0\n",
    "        if i == j:\n",
    "            graph[i][j] = 0\n",
    "        # Computing distance between two points using haversine\n",
    "        else:\n",
    "            graph[i][j] = haversine(df.iloc[i][\"latitude\"], df.iloc[i][\"longitude\"], df.iloc[j][\"latitude\"], df.iloc[j][\"longitude\"])"
   ]
  },
  {
   "cell_type": "code",
   "execution_count": 6,
   "id": "06f2a852",
   "metadata": {},
   "outputs": [
    {
     "name": "stdout",
     "output_type": "stream",
     "text": [
      "[[0,\n",
      "  1.033361637572846,\n",
      "  1.025805066481633,\n",
      "  1.608129681490159,\n",
      "  1.3174627005955968,\n",
      "  0.9894455233404585,\n",
      "  1.3393137936754025,\n",
      "  1.9292284960142607,\n",
      "  1.8076959534459627,\n",
      "  2.0400354474866513,\n",
      "  1.258867305609958,\n",
      "  2.3898541205602752,\n",
      "  0.9629896227759807,\n",
      "  1.4014290084849361,\n",
      "  1.4594924938401428,\n",
      "  2.8518138763261267,\n",
      "  1.2245353779055177,\n",
      "  1.7531126166846454,\n",
      "  2.77634488518524,\n",
      "  2.578742826466106,\n",
      "  2.5636661799073903,\n",
      "  1.7280671098777303,\n",
      "  2.567344194999138,\n",
      "  1.9430550004784164,\n",
      "  1.9313281026753084],\n",
      " [1.033361637572846,\n",
      "  0,\n",
      "  1.9932229432605142,\n",
      "  0.9394882008540194,\n",
      "  0.3129804272807364,\n",
      "  1.4294511066944526,\n",
      "  1.3937199802774398,\n",
      "  0.9862783485699181,\n",
      "  2.237983767042387,\n",
      "  1.0225016874704371,\n",
      "  0.8279514005684379,\n",
      "  2.242155287814365,\n",
      "  0.8049570868380116,\n",
      "  2.369999814463352,\n",
      "  0.5583267758445625,\n",
      "  2.848432980098025,\n",
      "  0.8688996600239566,\n",
      "  1.2742638330019096,\n",
      "  2.9658322156255297,\n",
      "  3.0667902185986247,\n",
      "  1.6987415592583406,\n",
      "  0.8649941861708197,\n",
      "  1.6113766919845083,\n",
      "  1.1882504395554747,\n",
      "  2.6122460148227162],\n",
      " [1.025805066481633,\n",
      "  1.9932229432605142,\n",
      "  0,\n",
      "  2.271002201115339,\n",
      "  2.2333020083081205,\n",
      "  1.0235907186671456,\n",
      "  1.5439502701857986,\n",
      "  2.744030728299101,\n",
      "  1.4011462436703976,\n",
      "  3.0157178770929782,\n",
      "  1.8767104970658806,\n",
      "  2.4608187714261844,\n",
      "  1.562581989776752,\n",
      "  0.378616126933835,\n",
      "  2.471684307678695,\n",
      "  2.7080376426862256,\n",
      "  1.8088245208634164,\n",
      "  2.2477990704297186,\n",
      "  2.4442811314099115,\n",
      "  1.94915960284661,\n",
      "  3.2590394675732512,\n",
      "  2.500890708133474,\n",
      "  3.5780024754842183,\n",
      "  2.6073287723550593,\n",
      "  2.164232661118679],\n",
      " [1.608129681490159,\n",
      "  0.9394882008540194,\n",
      "  2.271002201115339,\n",
      "  0,\n",
      "  0.7403721954081457,\n",
      "  1.3430648346406073,\n",
      "  0.97169566646875,\n",
      "  0.6041582621643885,\n",
      "  1.8894780490232748,\n",
      "  1.328431153243247,\n",
      "  0.39431413284147193,\n",
      "  1.4341992606342109,\n",
      "  0.7118859383974694,\n",
      "  2.604285634706378,\n",
      "  1.3129821313031858,\n",
      "  2.081320891251042,\n",
      "  0.4651656887164308,\n",
      "  0.39276506390444066,\n",
      "  2.321895284815643,\n",
      "  2.661349399645683,\n",
      "  0.9900528815773043,\n",
      "  0.3486462322465074,\n",
      "  1.9932149946716715,\n",
      "  0.34177933212259526,\n",
      "  3.449561911129891],\n",
      " [1.3174627005955968,\n",
      "  0.3129804272807364,\n",
      "  2.2333020083081205,\n",
      "  0.7403721954081457,\n",
      "  0,\n",
      "  1.5547735834989362,\n",
      "  1.4110344536106094,\n",
      "  0.6759730194151592,\n",
      "  2.3085878578070735,\n",
      "  0.8192989538062811,\n",
      "  0.7645331646402648,\n",
      "  2.1368321262994217,\n",
      "  0.8639755261623449,\n",
      "  2.605277845814339,\n",
      "  0.5787519391364284,\n",
      "  2.7679398203237264,\n",
      "  0.8283574983931058,\n",
      "  1.116480675168488,\n",
      "  2.940653581816333,\n",
      "  3.1303625333972622,\n",
      "  1.3963727464569808,\n",
      "  0.5833476696355069,\n",
      "  1.4632264189957294,\n",
      "  0.930204302914513,\n",
      "  2.919763248343853],\n",
      " [0.9894455233404585,\n",
      "  1.4294511066944526,\n",
      "  1.0235907186671456,\n",
      "  1.3430648346406073,\n",
      "  1.5547735834989362,\n",
      "  0,\n",
      "  0.5208536333263196,\n",
      "  1.8950550269887156,\n",
      "  0.8539077834201368,\n",
      "  2.373018624652703,\n",
      "  0.9643996347069104,\n",
      "  1.5052537667841257,\n",
      "  0.7081481200508073,\n",
      "  1.3024882930851267,\n",
      "  1.9858459745818589,\n",
      "  1.8877141082159175,\n",
      "  0.8855272054463142,\n",
      "  1.2463098511248032,\n",
      "  1.7869204825132912,\n",
      "  1.6706847711321837,\n",
      "  2.3031821853844057,\n",
      "  1.6327001497934768,\n",
      "  3.0138256294357215,\n",
      "  1.658712576173014,\n",
      "  2.8293708015902284],\n",
      " [1.3393137936754025,\n",
      "  1.3937199802774398,\n",
      "  1.5439502701857986,\n",
      "  0.97169566646875,\n",
      "  1.4110344536106094,\n",
      "  0.5208536333263196,\n",
      "  0,\n",
      "  1.5697416075925499,\n",
      "  0.9265399475403286,\n",
      "  2.188558463691475,\n",
      "  0.6709474758515561,\n",
      "  1.051425990492317,\n",
      "  0.5919278502227051,\n",
      "  1.8092335614596466,\n",
      "  1.9373204235864498,\n",
      "  1.541709661389538,\n",
      "  0.5947674112501848,\n",
      "  0.7733778184075654,\n",
      "  1.5798068412343207,\n",
      "  1.729040700956227,\n",
      "  1.8604485809981497,\n",
      "  1.3057374764437468,\n",
      "  2.8545541383733704,\n",
      "  1.2417920791801227,\n",
      "  3.255791873383445],\n",
      " [1.9292284960142607,\n",
      "  0.9862783485699181,\n",
      "  2.744030728299101,\n",
      "  0.6041582621643885,\n",
      "  0.6759730194151592,\n",
      "  1.8950550269887156,\n",
      "  1.5697416075925499,\n",
      "  0,\n",
      "  2.4918886534919755,\n",
      "  0.8281887833946343,\n",
      "  0.933885754846434,\n",
      "  1.9519795650780734,\n",
      "  1.2045538161058167,\n",
      "  3.098587492207645,\n",
      "  1.0800550507986286,\n",
      "  2.6050060234852364,\n",
      "  1.0144596245436628,\n",
      "  0.9433262187146769,\n",
      "  2.893101181409353,\n",
      "  3.264953099029611,\n",
      "  0.7314503041278666,\n",
      "  0.26543908698630214,\n",
      "  1.4568152540102488,\n",
      "  0.48882685751001326,\n",
      "  3.5956406225592668],\n",
      " [1.8076959534459627,\n",
      "  2.237983767042387,\n",
      "  1.4011462436703976,\n",
      "  1.8894780490232748,\n",
      "  2.3085878578070735,\n",
      "  0.8539077834201368,\n",
      "  0.9265399475403286,\n",
      "  2.4918886534919755,\n",
      "  0,\n",
      "  3.1051124994383934,\n",
      "  1.59445216286505,\n",
      "  1.2589440805840262,\n",
      "  1.4487629476357298,\n",
      "  1.472896829072371,\n",
      "  2.795620105648525,\n",
      "  1.3324404036385022,\n",
      "  1.5161824286248962,\n",
      "  1.6281057533623817,\n",
      "  1.0469739816599146,\n",
      "  0.8289135435091697,\n",
      "  2.704582119247037,\n",
      "  2.229371456577631,\n",
      "  3.766699929462298,\n",
      "  2.129501824627943,\n",
      "  3.503883155989998],\n",
      " [2.0400354474866513,\n",
      "  1.0225016874704371,\n",
      "  3.0157178770929782,\n",
      "  1.328431153243247,\n",
      "  0.8192989538062811,\n",
      "  2.373018624652703,\n",
      "  2.188558463691475,\n",
      "  0.8281887833946343,\n",
      "  3.1051124994383934,\n",
      "  0,\n",
      "  1.5188354021979003,\n",
      "  2.75026038610463,\n",
      "  1.6751042863284875,\n",
      "  3.3923345513548595,\n",
      "  0.6513013549791293,\n",
      "  3.4020086818980046,\n",
      "  1.5938109054870655,\n",
      "  1.7137042287373736,\n",
      "  3.6476012797051904,\n",
      "  3.917540143048123,\n",
      "  1.4100093763389543,\n",
      "  1.000041031407337,\n",
      "  0.6696055442742684,\n",
      "  1.3122830028694314,\n",
      "  3.320312463152682],\n",
      " [1.258867305609958,\n",
      "  0.8279514005684379,\n",
      "  1.8767104970658806,\n",
      "  0.39431413284147193,\n",
      "  0.7645331646402648,\n",
      "  0.9643996347069104,\n",
      "  0.6709474758515561,\n",
      "  0.933885754846434,\n",
      "  1.59445216286505,\n",
      "  1.5188354021979003,\n",
      "  0,\n",
      "  1.414367520711362,\n",
      "  0.3212500016533249,\n",
      "  2.210928265289646,\n",
      "  1.3248768357660319,\n",
      "  2.024247367205326,\n",
      "  0.08095201854024449,\n",
      "  0.5116529033744034,\n",
      "  2.176353354416592,\n",
      "  2.3996155079949815,\n",
      "  1.3833203706006387,\n",
      "  0.6696993062031449,\n",
      "  2.1862789783994114,\n",
      "  0.7323802221547193,\n",
      "  3.150065896980077],\n",
      " [2.3898541205602752,\n",
      "  2.242155287814365,\n",
      "  2.4608187714261844,\n",
      "  1.4341992606342109,\n",
      "  2.1368321262994217,\n",
      "  1.5052537667841257,\n",
      "  1.051425990492317,\n",
      "  1.9519795650780734,\n",
      "  1.2589440805840262,\n",
      "  2.75026038610463,\n",
      "  1.414367520711362,\n",
      "  0,\n",
      "  1.538159750594258,\n",
      "  2.6403434745341077,\n",
      "  2.7145909782983786,\n",
      "  0.6531488732539845,\n",
      "  1.3800659143142193,\n",
      "  1.0417298899378356,\n",
      "  1.0143612118594871,\n",
      "  1.6775950532590174,\n",
      "  1.824094530538781,\n",
      "  1.7502277635341315,\n",
      "  3.403668715782884,\n",
      "  1.4700464751259514,\n",
      "  4.305801994891574],\n",
      " [0.9629896227759807,\n",
      "  0.8049570868380116,\n",
      "  1.562581989776752,\n",
      "  0.7118859383974694,\n",
      "  0.8639755261623449,\n",
      "  0.7081481200508073,\n",
      "  0.5919278502227051,\n",
      "  1.2045538161058167,\n",
      "  1.4487629476357298,\n",
      "  1.6751042863284875,\n",
      "  0.3212500016533249,\n",
      "  1.538159750594258,\n",
      "  0,\n",
      "  1.904215861770651,\n",
      "  1.3557134295599367,\n",
      "  2.097848769517344,\n",
      "  0.26819370086965744,\n",
      "  0.7907695762670169,\n",
      "  2.1708065600140767,\n",
      "  2.274669997372687,\n",
      "  1.701932879499018,\n",
      "  0.9492748046886046,\n",
      "  2.326969249713958,\n",
      "  1.052269596892953,\n",
      "  2.88000250287469],\n",
      " [1.4014290084849361,\n",
      "  2.369999814463352,\n",
      "  0.378616126933835,\n",
      "  2.604285634706378,\n",
      "  2.605277845814339,\n",
      "  1.3024882930851267,\n",
      "  1.8092335614596466,\n",
      "  3.098587492207645,\n",
      "  1.472896829072371,\n",
      "  3.3923345513548595,\n",
      "  2.210928265289646,\n",
      "  2.6403434745341077,\n",
      "  1.904215861770651,\n",
      "  0,\n",
      "  2.850219675013544,\n",
      "  2.8052663443566153,\n",
      "  2.139330518656684,\n",
      "  2.5477097306924548,\n",
      "  2.4774968561964554,\n",
      "  1.8652788705143812,\n",
      "  3.5862360477536805,\n",
      "  2.8504398704957055,\n",
      "  3.9566181204386957,\n",
      "  2.935445506494903,\n",
      "  2.3119972366148094],\n",
      " [1.4594924938401428,\n",
      "  0.5583267758445625,\n",
      "  2.471684307678695,\n",
      "  1.3129821313031858,\n",
      "  0.5787519391364284,\n",
      "  1.9858459745818589,\n",
      "  1.9373204235864498,\n",
      "  1.0800550507986286,\n",
      "  2.795620105648525,\n",
      "  0.6513013549791293,\n",
      "  1.3248768357660319,\n",
      "  2.7145909782983786,\n",
      "  1.3557134295599367,\n",
      "  2.850219675013544,\n",
      "  0,\n",
      "  3.3423181998286227,\n",
      "  1.3803141199193225,\n",
      "  1.6942990610051998,\n",
      "  3.4957570430224933,\n",
      "  3.624247583128009,\n",
      "  1.7990866308812135,\n",
      "  1.0969736167528157,\n",
      "  1.1079969213756986,\n",
      "  1.4575497775089281,\n",
      "  2.6808072229393196],\n",
      " [2.8518138763261267,\n",
      "  2.848432980098025,\n",
      "  2.7080376426862256,\n",
      "  2.081320891251042,\n",
      "  2.7679398203237264,\n",
      "  1.8877141082159175,\n",
      "  1.541709661389538,\n",
      "  2.6050060234852364,\n",
      "  1.3324404036385022,\n",
      "  3.4020086818980046,\n",
      "  2.024247367205326,\n",
      "  0.6531488732539845,\n",
      "  2.097848769517344,\n",
      "  2.8052663443566153,\n",
      "  3.3423181998286227,\n",
      "  0,\n",
      "  1.9795357412452812,\n",
      "  1.690274736404949,\n",
      "  0.5364535681568949,\n",
      "  1.3891005774375418,\n",
      "  2.437758556823185,\n",
      "  2.402178312526473,\n",
      "  4.05664622372673,\n",
      "  2.122066441284383,\n",
      "  4.714069056060332],\n",
      " [1.2245353779055177,\n",
      "  0.8688996600239566,\n",
      "  1.8088245208634164,\n",
      "  0.4651656887164308,\n",
      "  0.8283574983931058,\n",
      "  0.8855272054463142,\n",
      "  0.5947674112501848,\n",
      "  1.0144596245436628,\n",
      "  1.5161824286248962,\n",
      "  1.5938109054870655,\n",
      "  0.08095201854024449,\n",
      "  1.3800659143142193,\n",
      "  0.26819370086965744,\n",
      "  2.139330518656684,\n",
      "  1.3803141199193225,\n",
      "  1.9795357412452812,\n",
      "  0,\n",
      "  0.5304074442063009,\n",
      "  2.116340926897279,\n",
      "  2.3238044249332868,\n",
      "  1.450230454263452,\n",
      "  0.7500097413022675,\n",
      "  2.260240358609118,\n",
      "  0.7985071046475795,\n",
      "  3.1294228409038425],\n",
      " [1.7531126166846454,\n",
      "  1.2742638330019096,\n",
      "  2.2477990704297186,\n",
      "  0.39276506390444066,\n",
      "  1.116480675168488,\n",
      "  1.2463098511248032,\n",
      "  0.7733778184075654,\n",
      "  0.9433262187146769,\n",
      "  1.6281057533623817,\n",
      "  1.7137042287373736,\n",
      "  0.5116529033744034,\n",
      "  1.0417298899378356,\n",
      "  0.7907695762670169,\n",
      "  2.5477097306924548,\n",
      "  1.6942990610051998,\n",
      "  1.690274736404949,\n",
      "  0.5304074442063009,\n",
      "  0,\n",
      "  1.9505273025380772,\n",
      "  2.3546636607087765,\n",
      "  1.0900991463751633,\n",
      "  0.716783569953406,\n",
      "  2.373900474313861,\n",
      "  0.5086493867239645,\n",
      "  3.6589187383643216],\n",
      " [2.77634488518524,\n",
      "  2.9658322156255297,\n",
      "  2.4442811314099115,\n",
      "  2.321895284815643,\n",
      "  2.940653581816333,\n",
      "  1.7869204825132912,\n",
      "  1.5798068412343207,\n",
      "  2.893101181409353,\n",
      "  1.0469739816599146,\n",
      "  3.6476012797051904,\n",
      "  2.176353354416592,\n",
      "  1.0143612118594871,\n",
      "  2.1708065600140767,\n",
      "  2.4774968561964554,\n",
      "  3.4957570430224933,\n",
      "  0.5364535681568949,\n",
      "  2.116340926897279,\n",
      "  1.9505273025380772,\n",
      "  0,\n",
      "  0.871681151228214,\n",
      "  2.8360545133616823,\n",
      "  2.6635525019500594,\n",
      "  4.314594262509672,\n",
      "  2.4312919091621024,\n",
      "  4.545201148130671],\n",
      " [2.578742826466106,\n",
      "  3.0667902185986247,\n",
      "  1.94915960284661,\n",
      "  2.661349399645683,\n",
      "  3.1303625333972622,\n",
      "  1.6706847711321837,\n",
      "  1.729040700956227,\n",
      "  3.264953099029611,\n",
      "  0.8289135435091697,\n",
      "  3.917540143048123,\n",
      "  2.3996155079949815,\n",
      "  1.6775950532590174,\n",
      "  2.274669997372687,\n",
      "  1.8652788705143812,\n",
      "  3.624247583128009,\n",
      "  1.3891005774375418,\n",
      "  2.3238044249332868,\n",
      "  2.3546636607087765,\n",
      "  0.871681151228214,\n",
      "  0,\n",
      "  3.3828904297093705,\n",
      "  3.008152648592404,\n",
      "  4.582782836099833,\n",
      "  2.8632898260471076,\n",
      "  4.1133894434293925],\n",
      " [2.5636661799073903,\n",
      "  1.6987415592583406,\n",
      "  3.2590394675732512,\n",
      "  0.9900528815773043,\n",
      "  1.3963727464569808,\n",
      "  2.3031821853844057,\n",
      "  1.8604485809981497,\n",
      "  0.7314503041278666,\n",
      "  2.704582119247037,\n",
      "  1.4100093763389543,\n",
      "  1.3833203706006387,\n",
      "  1.824094530538781,\n",
      "  1.701932879499018,\n",
      "  3.5862360477536805,\n",
      "  1.7990866308812135,\n",
      "  2.437758556823185,\n",
      "  1.450230454263452,\n",
      "  1.0900991463751633,\n",
      "  2.8360545133616823,\n",
      "  3.3828904297093705,\n",
      "  0,\n",
      "  0.848114158168137,\n",
      "  1.9059604677293,\n",
      "  0.6517313346623012,\n",
      "  4.310234921669253],\n",
      " [1.7280671098777303,\n",
      "  0.8649941861708197,\n",
      "  2.500890708133474,\n",
      "  0.3486462322465074,\n",
      "  0.5833476696355069,\n",
      "  1.6327001497934768,\n",
      "  1.3057374764437468,\n",
      "  0.26543908698630214,\n",
      "  2.229371456577631,\n",
      "  1.000041031407337,\n",
      "  0.6696993062031449,\n",
      "  1.7502277635341315,\n",
      "  0.9492748046886046,\n",
      "  2.8504398704957055,\n",
      "  1.0969736167528157,\n",
      "  2.402178312526473,\n",
      "  0.7500097413022675,\n",
      "  0.716783569953406,\n",
      "  2.6635525019500594,\n",
      "  3.008152648592404,\n",
      "  0.848114158168137,\n",
      "  0,\n",
      "  1.6572446245698393,\n",
      "  0.36061505437435765,\n",
      "  3.468235190559506],\n",
      " [2.567344194999138,\n",
      "  1.6113766919845083,\n",
      "  3.5780024754842183,\n",
      "  1.9932149946716715,\n",
      "  1.4632264189957294,\n",
      "  3.0138256294357215,\n",
      "  2.8545541383733704,\n",
      "  1.4568152540102488,\n",
      "  3.766699929462298,\n",
      "  0.6696055442742684,\n",
      "  2.1862789783994114,\n",
      "  3.403668715782884,\n",
      "  2.326969249713958,\n",
      "  3.9566181204386957,\n",
      "  1.1079969213756986,\n",
      "  4.05664622372673,\n",
      "  2.260240358609118,\n",
      "  2.373900474313861,\n",
      "  4.314594262509672,\n",
      "  4.582782836099833,\n",
      "  1.9059604677293,\n",
      "  1.6572446245698393,\n",
      "  0,\n",
      "  1.945420120567046,\n",
      "  3.544772259231107],\n",
      " [1.9430550004784164,\n",
      "  1.1882504395554747,\n",
      "  2.6073287723550593,\n",
      "  0.34177933212259526,\n",
      "  0.930204302914513,\n",
      "  1.658712576173014,\n",
      "  1.2417920791801227,\n",
      "  0.48882685751001326,\n",
      "  2.129501824627943,\n",
      "  1.3122830028694314,\n",
      "  0.7323802221547193,\n",
      "  1.4700464751259514,\n",
      "  1.052269596892953,\n",
      "  2.935445506494903,\n",
      "  1.4575497775089281,\n",
      "  2.122066441284383,\n",
      "  0.7985071046475795,\n",
      "  0.5086493867239645,\n",
      "  2.4312919091621024,\n",
      "  2.8632898260471076,\n",
      "  0.6517313346623012,\n",
      "  0.36061505437435765,\n",
      "  1.945420120567046,\n",
      "  0,\n",
      "  3.757658821077278],\n",
      " [1.9313281026753084,\n",
      "  2.6122460148227162,\n",
      "  2.164232661118679,\n",
      "  3.449561911129891,\n",
      "  2.919763248343853,\n",
      "  2.8293708015902284,\n",
      "  3.255791873383445,\n",
      "  3.5956406225592668,\n",
      "  3.503883155989998,\n",
      "  3.320312463152682,\n",
      "  3.150065896980077,\n",
      "  4.305801994891574,\n",
      "  2.88000250287469,\n",
      "  2.3119972366148094,\n",
      "  2.6808072229393196,\n",
      "  4.714069056060332,\n",
      "  3.1294228409038425,\n",
      "  3.6589187383643216,\n",
      "  4.545201148130671,\n",
      "  4.1133894434293925,\n",
      "  4.310234921669253,\n",
      "  3.468235190559506,\n",
      "  3.544772259231107,\n",
      "  3.757658821077278,\n",
      "  0]]\n"
     ]
    }
   ],
   "source": [
    "# To pretty print the adjacency matrix\n",
    "import pprint\n",
    "pprint.pprint(graph)"
   ]
  },
  {
   "cell_type": "markdown",
   "id": "e66072d3",
   "metadata": {},
   "source": [
    "# Brute Force Implementation"
   ]
  },
  {
   "cell_type": "markdown",
   "id": "576532ff",
   "metadata": {},
   "source": [
    "Trying for 0 to 10."
   ]
  },
  {
   "cell_type": "code",
   "execution_count": 7,
   "id": "c06b91c6",
   "metadata": {},
   "outputs": [],
   "source": [
    "#run times\n",
    "bf_rt = []\n",
    "# min_costs\n",
    "bf_min_cost = []\n",
    "# min paths\n",
    "bf_min_path = []\n",
    "#run time plot (x,y)\n",
    "rt_plot = []\n"
   ]
  },
  {
   "cell_type": "code",
   "execution_count": 8,
   "id": "e68c9585",
   "metadata": {},
   "outputs": [],
   "source": [
    "'''\n",
    "Function Description:\n",
    "Functions to perform brute force implementation of TSP\n",
    "\n",
    "Variables:\n",
    "vertex - holds all possible vertices or locations\n",
    "min_path - keeps track of minimum cost\n",
    "next_permtuation - to iterate over permutations of routes\n",
    "path - to store path of the locations visited\n",
    "curr_pathwt - holds the current cost of the path\n",
    "k - next location\n",
    "s - starting location\n",
    "V - Number of locations to visit\n",
    "prev_path - holds the previous path taken\n",
    "path - holds the best path to take\n",
    "\n",
    "'''\n",
    "def travellingSalesmanProblem(graph, s, V):\n",
    " \n",
    "    # store all vertex apart from source vertex\n",
    "    vertex = []\n",
    "    for i in range(V):\n",
    "        if i != s:\n",
    "            vertex.append(i)\n",
    " \n",
    "    # store minimum weight Hamiltonian Cycle\n",
    "    min_path = maxsize\n",
    "    next_permutation=permutations(vertex)\n",
    "    path = []\n",
    "    #Iterate Over all permutations\n",
    "    for i in next_permutation:\n",
    " \n",
    "        # store current Path weight(cost)\n",
    "        curr_pathwt = 0\n",
    " \n",
    "        # compute current path weight\n",
    "        k = s\n",
    "        for j in i:\n",
    "            # Add all weights\n",
    "            curr_pathwt += graph[k][j]\n",
    "            # Set to next location\n",
    "            k = j\n",
    "        curr_pathwt += graph[k][s]\n",
    " \n",
    "        # update minimum\n",
    "        prev_path = min_path\n",
    "        min_path = min(min_path, curr_pathwt)\n",
    "        if prev_path != min_path:\n",
    "            path = i\n",
    "         \n",
    "    return path,min_path\n",
    "\n"
   ]
  },
  {
   "cell_type": "code",
   "execution_count": 9,
   "id": "89a41fa3",
   "metadata": {},
   "outputs": [],
   "source": [
    "def compute_brute_force():\n",
    "    '''\n",
    "    Function Description:\n",
    "    To solve TSP and plot runtime graph\n",
    "\n",
    "    Variables:\n",
    "    start_time - current time\n",
    "    path - best path\n",
    "    min_cost - best cost \n",
    "    rt - computed run time \n",
    "    bf_rt - list storing all run times\n",
    "    rt_plot - list storing tuple of number of locations and time taken to solve it\n",
    "    bf_min_cost - list storing all min costs\n",
    "    bf_min_path - list storing all min cost paths\n",
    "    '''\n",
    "    for i in range(13):\n",
    "        start_time = time.time()\n",
    "        path, min_cost = travellingSalesmanProblem(graph, 0, i)\n",
    "        rt = (time.time() - start_time)*1000\n",
    "        bf_rt.append(rt)\n",
    "        rt_plot.append((i,rt))\n",
    "        path = list(path)\n",
    "        path.insert(0,0)\n",
    "        path.append(0)\n",
    "        for i in range(len(path)):\n",
    "            path[i] += 1\n",
    "        bf_min_cost.append(min_cost)\n",
    "        bf_min_path.append(path)"
   ]
  },
  {
   "cell_type": "code",
   "execution_count": 10,
   "id": "bca1b7cc",
   "metadata": {},
   "outputs": [
    {
     "name": "stdout",
     "output_type": "stream",
     "text": [
      "[(0, 0.012159347534179688), (1, 0.0040531158447265625), (2, 0.0057220458984375), (3, 0.0057220458984375), (4, 0.013113021850585938), (5, 0.04100799560546875), (6, 0.20885467529296875), (7, 1.363992691040039), (8, 14.238834381103516), (9, 56.932926177978516), (10, 289.84975814819336), (11, 3215.9438133239746), (12, 37724.18808937073)]\n"
     ]
    }
   ],
   "source": [
    "compute_brute_force()\n",
    "print(rt_plot)"
   ]
  },
  {
   "cell_type": "markdown",
   "id": "5ffea8e0",
   "metadata": {},
   "source": [
    "# Plot runtime graph"
   ]
  },
  {
   "cell_type": "code",
   "execution_count": 11,
   "id": "de508356",
   "metadata": {},
   "outputs": [
    {
     "data": {
